0,1784,1945.5,99.5,9.5,46,45,493.5,89.5,38.5,8,13.5,149,9.5,3.5,4,15,9,41,24.5,27,15,8,8.5,62.5,28,10.5,59,5.5,37.5,82,47.5,1.5,1,19.5,203,1,1.5,63,6.5,27,82,64,6,23.5,947,5.5,66.5,10.5,27.5,27.5,2.5,0.5,1.5,1.5,11.5,20.5,0,0,0,1,1.5,0.5,0.5,3,0,1.5,4,12,21.5,110,158,197.5,140,9,30.5,29.5,33,19,19,32,3.5,4,11.5,4,11,79.5,1.5,7,37,24,28.5,0.5,156.5,66.5,14.5
1784,0,1835,65,171,467.5,197,147.5,61.5,13.5,183.5,96,501.5,39.5,6,5.5,64.5,21,28.5,52,208.5,38,197.5,48,295,12,9,178.5,2.5,153.5,153,21.5,1.5,2,41,95,3,5,30,1.5,90,239,84.5,20,22,823.5,13.5,31.5,12,21,101.5,4.5,2,3.5,6.5,22,18,3.5,0,0.5,1.5,1,1,1.5,2,0.5,3,6,14.5,17,180,274,292.5,190,25.5,55.5,107.5,44.5,23,25,61,5,11,24.5,5,17,78,2,19,77.5,34,28.5,7.5,163.5,84.5,39
1945.5,1835,0,2074,127,574.5,305,1373.5,1010.5,155,103.5,74,1077.5,43,20.5,9,54.5,32.5,322.5,79,158.5,95.5,38.5,21,171.5,275.5,14.5,182,6.5,239,65,231,6.5,5.5,27.5,1003,5,3,357.5,11,54.5,213.5,46.5,22,139,2666,12.5,60,6.5,35,39.5,5.5,0,3,4.5,23.5,34.5,4,0,2.5,0.5,1.5,3,0.5,2.5,2,2,10,13.5,20.5,226,247,335.5,195.5,21.5,45,43,52,28,29,55,2.5,5,14.5,7.5,9.5,86.5,5,10,36.5,28,23.5,3,142,84,36.5
99.5,65,2074,0,203,247,141,649.5,159,14.5,62.5,69.5,496,33,7,10.5,38,42.5,469.5,102,41,15,50,5.5,38.5,19,23.5,284.5,6,30.5,49,52.5,2.5,6,13,356.5,0,3,56.5,2.5,26,70,39.5,4,56,612,7.5,15,10.5,20,41.5,0.5,0,0,0.5,5.5,18.5,0,0,0.5,0.5,0,0,0.5,0.5,1,0,5,3,4.5,40,59,71,40,12.5,19,35,10.5,12.5,4.5,11,0.5,2.5,4.5,4.5,3,13,2,4,13,7,8,1.5,33,21.5,2
9.5,171,127,203,0,806,143.5,55.5,24,2,233,733.5,2026,165.5,14.5,29,378.5,148.5,77,670.5,209,10,2191.5,35,322.5,2.5,164,4343,16.5,18.5,309.5,5.5,44,62,111,23.5,35.5,18,12.5,10,179.5,79,193.5,29,48,953.5,177,170,44,61.5,212.5,2.5,0,2,6,27.5,135,4.5,2,2.5,0,4,4.5,5,7,6,4,34.5,13,12,275,345.5,550.5,185.5,47,312.5,515.5,87.5,34,67.5,155.5,8.5,28,34.5,290,57,117,2,28.5,121.5,37,46,12.5,137.5,203.5,40.5
46,467.5,574.5,247,806,0,1834,246,68,10,705,449,1753,73,5,9.5,105.5,107,46.5,351,1880,63.5,308.5,174,1332.5,15,123.5,1321.5,3,258,828,28.5,5.5,7,77,49,4.5,17,33,2,1685,117.5,311,108.5,25.5,1238,20.5,42,24.5,38,387,24,4,26.5,30,217,134,17,1.5,14.5,5,19.5,7.5,9.5,10,13,9.5,35,16,77,417,438,807.5,375,26,115.5,208.5,69.5,74.5,60.5,207.5,18.5,36.5,59,18,66.5,208.5,8,45.5,327.5,72,84.5,14.5,460,279.5,105.5
45,197,305,141,143.5,1834,0,256.5,82,6.5,310,1142,511,35.5,4,8,75.5,54.5,45.5,87.5,725.5,41,104,80.5,2057,13,44,1116,0,163,23280.5,19,6,4,42,50,3.5,28,13,1,425,73.5,246,1942,12,784.5,8.5,26,7,17.5,87,36,3.5,34,43.5,189.5,143,11.5,4,12,7,19,7,13,13,11.5,6,42.5,43.5,181.5,263,226.5,337,217,12,54,102.5,42,257.5,65.5,164,15.5,31,47,7,39,580,3,36.5,165,43,49.5,10,1205,190.5,158
493.5,147.5,1373.5,649.5,55.5,246,256.5,0,457,30,75,92.5,790.5,23.5,5,3.5,27.5,39.5,358.5,29,110,48,5,34.5,79.5,125.5,6.5,214,1.5,81,30,154,1,2,3.5,957,1,5,190,3.5,45,722.5,24.5,5,73,486.5,1,14,1.5,7.5,28.5,0,0,0.5,4.5,3.5,9.5,0.5,0,0,0,0.5,0,0,0.5,0,0,4.5,2.5,3.5,40,51,43,19.5,4,6.5,9.5,7,7.5,2.5,12,0,0.5,2.5,0,3.5,12,1.5,1.5,3.5,6,3,1,26.5,22,5
89.5,61.5,1010.5,159,24,68,82,457,0,2022.5,35.5,38.5,651.5,26,6,5,29.5,6.5,109,7.5,47.5,260,16,13,38.5,173.5,2,71,7,60.5,13,572,2,2.5,8,144.5,1,0.5,452.5,3.5,7,36.5,4.5,5,51.5,761,6.5,4.5,2,12.5,12,1,0,0,2.5,4.5,6,1,0,1,0,0,1,1.5,1.5,0,0,1.5,2.5,2,52,63,52.5,41.5,12,5.5,12,10.5,5.5,7.5,9,0.5,0.5,2,0.5,2,15.5,0,1.5,8,4.5,5,1,23,15,7
38.5,13.5,155,14.5,2,10,6.5,30,2022.5,0,26.5,25.5,543,6,6.5,2,13.5,3,44,3,24,56.5,4.5,7,18,76,1,44,2,18,1,114.5,0.5,0.5,1.5,80.5,1,0,114.5,3.5,3,8.5,1.5,0,107.5,345,0.5,0,0.5,0.5,5,0.5,0,0,1,2.5,1.5,0,0,0,0.5,1,0.5,0,0,0,0.5,0.5,1,1,16,12.5,13,3.5,4,3,2.5,2,3,1.5,1,0,0,0,0,0.5,1.5,0,0,1.5,0.5,0.5,0,2.5,3.5,0.5
8,183.5,103.5,62.5,233,705,310,75,35.5,26.5,0,684,1873.5,269,4.5,23.5,103,56.5,16,83,473.5,33,433,373.5,918,2,32.5,2164.5,3.5,44,158,3.5,1.5,5.5,65.5,5.5,3,147,2.5,6,106,25,1226.5,58.5,19,506.5,19,35.5,23,31,2418.5,15.5,1,4.5,11,25,48,3,4,1.5,0.5,2.5,5,2.5,5,2.5,5.5,17,12,4,173,228,351,154,21.5,60.5,129,30,36.5,50.5,89,11,26.5,32,12.5,30.5,68,2.5,24.5,107.5,29,27.5,13,141,111,26
13.5,96,74,69.5,733.5,449,1142,92.5,38.5,25.5,684,0,1787,188,11.5,25.5,637.5,399.5,47.5,880,200.5,21,879.5,139.5,380.5,5,1599.5,4455.5,10,34,881,9.5,7,4.5,732.5,33,2.5,17.5,12,1.5,89,26,131,86,14,473,21.5,29.5,27,43.5,197,32.5,5.5,25.5,39.5,94,199,6.5,3.5,9.5,5.5,16,9.5,7,30,10.5,6.5,83.5,21,23.5,154.5,184.5,289,151,33.5,95,115.5,60,203.5,209.5,243.5,25,29,54,16,54,217.5,7.5,23,212,77.5,87.5,9.5,455.5,410,73.5
149,501.5,1077.5,496,2026,1753,511,790.5,651.5,543,1873.5,1787,0,2286.5,137,242,2099.5,386.5,472.5,395,2599.5,317.5,4417,344,1640.5,369,87,2845.5,92.5,276,266.5,208,28.5,65,258.5,458,28,21,235,39,259.5,251.5,199.5,71.5,130,2263,69.5,149,173,322,659,5,1,6,2,19.5,41.5,2,1,2.5,2,0.5,1,2,5.5,3.5,1.5,15,12.5,9,559,671,987.5,468,146,365,564,181.5,27,56,144.5,10,34.5,62.5,87.5,65,115.5,1.5,37,237,48.5,70,14,203,144,45.5
9.5,39.5,43,33,165.5,73,35.5,23.5,26,6,269,188,2286.5,0,840,2896.5,342.5,56,64,67.5,282,39,504,58,251.5,7.5,6,865,167.5,27,18,9,9,98,68,22,31,5,2.5,60,20,11.5,15.5,2,5,384.5,47,54.5,1602.5,252,45.5,1,0,1.5,1,4.5,19,0,0.5,0,0,0,1.5,1,0.5,1,1.5,2.5,4,2,74.5,122.5,114.5,58,157.5,166,190.5,143,15,51,14,1,6,6.5,13.5,7,15.5,1.5,4.5,30,19.5,18,5.5,56.5,35,7
3.5,6,20.5,7,14.5,5,4,5,6,6.5,4.5,11.5,137,840,0,752,76.5,16.5,28,14,19.5,3.5,69,6,35.5,5.5,1,138.5,1769.5,9,2,5.5,4,286,17.5,3.5,50.5,0,3.5,90,2,2.5,0,0,2.5,270.5,2,51.5,13,454.5,0.5,0,0,0,0,0.5,1,0.5,0.5,0,0,0,0,0,0,0,0,0,0,0.5,12.5,12.5,14,5,1292,16,32,22,3.5,8.5,2,0,1.5,0.5,3.5,2,7,0.5,1,3.5,0,3.5,0,4.5,3.5,0.5
4,5.5,9,10.5,29,9.5,8,3.5,5,2,23.5,25.5,242,2896.5,752,0,445,41.5,121,9.5,207,29.5,403,41.5,171,4,1.5,701.5,1073,14,3.5,11,10.5,88.5,24.5,13,12,4.5,5,49,5.5,2.5,5.5,1.5,4,177.5,13.5,15.5,729,147,14,0,0,0,0,1.5,3,0,0,0,0,2,0.5,0,0,0,0.5,2,0,2,18,40,14,5.5,38,51,47,41.5,5.5,6,4,0,1.5,4,5.5,1,5,0.5,1.5,3,0.5,3,1.5,12,9,1.5
15,64.5,54.5,38,378.5,105.5,75.5,27.5,29.5,13.5,103,637.5,2099.5,342.5,76.5,445,0,1439.5,123,565,622.5,68.5,3858.5,46,342,25,48,1900.5,35,31.5,40.5,10.5,427.5,62.5,514.5,18,26,3.5,10,10,21,14.5,26,11,5.5,620,352.5,82,26,45,42,6.5,4.5,6,10.5,33.5,42.5,1,1,3,2.5,6,1,1.5,4.5,3.5,2.5,23,36.5,9,125,168.5,239,138,23.5,455.5,231.5,209,41.5,84.5,74.5,9,15.5,33.5,210,26,83.5,2,18.5,91.5,39,49,6,123,111,25
9,21,32.5,42.5,148.5,107,54.5,39.5,6.5,3,56.5,399.5,386.5,56,16.5,41.5,1439.5,0,75,1101,297,24.5,434,42,259.5,7,247.5,2148,10.5,24,40.5,5.5,47.5,20.5,418,16,8.5,3,10.5,4,19,13.5,27.5,4.5,9.5,305.5,26.5,29,9,10,33.5,1,2,2,3.5,16,23,1,0.5,1,0,2.5,0,1.5,1.5,1,1,8.5,7,2.5,52,64,136.5,57,7,49,44,47,11.5,24.5,33.5,1.5,7.5,9,16.5,8.5,29.5,1.5,7.5,24.5,8,10,4.5,64.5,54,15
41,28.5,322.5,469.5,77,46.5,45.5,358.5,109,44,16,47.5,472.5,64,28,121,123,75,0,19.5,147,95.5,87,22.5,101,102,7.5,489,75.5,46,12,102,2,4,9,2045.5,3,2,151,3.5,14,42.5,11.5,2,273,508.5,3.5,12.5,4,9.5,13.5,1,1,0,0.5,2,9.5,0,0,0,0,1,0,0,0.5,0,0.5,0,1,0,11.5,21.5,20.5,8,4.5,9.5,8,5.5,2.5,2,5.5,0,0.5,1,1,0.5,6.5,0,2,1.5,0.5,1,0,10,9,1.5
24.5,52,79,102,670.5,351,87.5,29,7.5,3,83,880,395,67.5,14,9.5,565,1101,19.5,0,51,3.5,259.5,16,120,1,7148,2223,11.5,28,148,8.5,81.5,48.5,733.5,36.5,19,14,28,4,76.5,50,110.5,21,35.5,709,107.5,98.5,33.5,45,161,2,1,3.5,4,33.5,122.5,1,1,1,0.5,6,1.5,1,7,3.5,2.5,21.5,19.5,8.5,105.5,132.5,278,95.5,34.5,204.5,167,156,33,79.5,80,1,19,17,105.5,13,33,2,11.5,38.5,20.5,20,6.5,122.5,124.5,24
27,208.5,158.5,41,209,1880,725.5,110,47.5,24,473.5,200.5,2599.5,282,19.5,207,622.5,297,147,51,0,489,2190,810,4081,40,15,1123.5,16,183.5,270,34.5,2.5,8.5,51,80.5,2,11,17,2.5,471.5,74.5,215.5,79,5.5,626,17,22,15.5,14.5,171,2,0.5,2.5,8,27.5,27,2.5,0.5,4,1.5,1.5,0.5,2.5,2.5,0.5,1.5,6,13,26.5,276,221.5,299,115.5,8,54.5,102,20.5,22,14.5,57.5,6,9.5,20,18,24.5,55,2,11.5,53,14,15.5,0,78,41,0
15,38,95.5,15,10,63.5,41,48,260,56.5,33,21,317.5,39,3.5,29.5,68.5,24.5,95.5,3.5,489,0,294,95.5,425,357.5,0.5,145,6.5,600.5,16,1564,1,0.5,11.5,47,0.5,1,57,0,19,66.5,11,4,20.5,230.5,0.5,4.5,2,2.5,16,1,0.5,2.5,2,22,4,1,0,1.5,0,1,1.5,0,3,0.5,0,3.5,2,4,51,37.5,49.5,25,3.5,4.5,14,3.5,3.5,4,15,2,2.5,3,1,4,13,0.5,2,20,5.5,6.5,2.5,19,23.5,4
8,197.5,38.5,50,2191.5,308.5,104,5,16,4.5,433,879.5,4417,504,69,403,3858.5,434,87,259.5,2190,294,0,251,4467.5,36,39,11381,64,188.5,150.5,33,1599,688.5,503.5,14.5,213.5,8,7,20,209,25.5,72,29,16,3476,918.5,330.5,111.5,76,148,14.5,6.5,23,22,72.5,76.5,6.5,4.5,10.5,4,17.5,7,10.5,20.5,11.5,7.5,37,36.5,4,571.5,543.5,723,407.5,37.5,865,795,211,67.5,86.5,175.5,36.5,73,96.5,21,77.5,177.5,3,70,386,91,78.5,35.5,233,217.5,66
8.5,48,21,5.5,35,174,80.5,34.5,13,7,373.5,139.5,344,58,6,41.5,46,42,22.5,16,810,95.5,251,0,2240,9.5,6.5,830.5,3,34.5,68.5,9.5,1,6.5,11,15,0.5,242.5,5,1.5,77.5,73.5,379.5,76.5,3,161.5,4.5,4,11.5,6,1217,2.5,1,0.5,5,8.5,11,5,1.5,0.5,0,1,1,1,1.5,1,6.5,2.5,2,1.5,64,51.5,87,34.5,5,10,18,9,10,7.5,20.5,1,5.5,6.5,1.5,6,23.5,0.5,7,14.5,4.5,8.5,8.5,46.5,19.5,7
62.5,295,171.5,38.5,322.5,1332.5,2057,79.5,38.5,18,918,380.5,1640.5,251.5,35.5,171,342,259.5,101,120,4081,425,4467.5,2240,0,138,38,8588.5,60,1235.5,3063.5,140.5,31.5,122,214.5,187,20,137.5,23,21,2373.5,268,1325.5,838,20.5,2513.5,39,44,50.5,76,487,19.5,5.5,18,31,145.5,77.5,13.5,4,8,3.5,13,2.5,6.5,12.5,7.5,8,15.5,30.5,36.5,927,439,501.5,169,15,115.5,184.5,40.5,74.5,39.5,121.5,7,32.5,33,38,37,113,2,22,110.5,29.5,37.5,10.5,165,87,55.5
28,12,275.5,19,2.5,15,13,125.5,173.5,76,2,5,369,7.5,5.5,4,25,7,102,1,40,357.5,36,9.5,138,0,0.5,211.5,8.5,1480,3,310,0,1,2,213.5,0,0.5,389.5,1.5,4.5,32.5,1.5,2,62.5,223,0,10.5,0,1,3.5,0,0,0,0,1,4.5,1,0,0.5,0,0,0,0,0,0,0,0.5,2.5,0.5,7,8.5,9,4.5,14.5,0.5,4,1.5,2,1.5,2,0,0.5,1,0,0,5,0,0,0.5,1.5,0.5,0,7,6,1
10.5,9,14.5,23.5,164,123.5,44,6.5,2,1,32.5,1599.5,87,6,1,1.5,48,247.5,7.5,7148,15,0.5,39,6.5,38,0.5,0,968,0.5,7.5,54,1,3,2,667.5,7.5,1.5,5.5,5,0.5,17,10.5,33.5,7.5,8,98,13,12,7.5,6.5,67.5,1.5,0,4.5,2.5,8.5,32,0,0,0.5,0.5,1,0.5,3,2,1,0.5,11.5,2.5,4,17,22.5,56.5,23,4,24,21.5,12,18.5,23.5,21,2,3,4,8.5,4,8,1.5,2.5,11,4,1,0.5,24.5,52,9.5
59,178.5,182,284.5,4343,1321.5,1116,214,71,44,2164.5,4455.5,2845.5,865,138.5,701.5,1900.5,2148,489,2223,1123.5,145,11381,830.5,8588.5,211.5,968,0,912.5,2440,3056,355,615,1806,3753.5,639,550.5,750.5,279,204,2911.5,598.5,2736,524.5,304.5,8470.5,534,300,356.5,236.5,3870.5,163.5,26,241.5,216.5,611,490,26,4.5,29.5,16,117.5,28,46,118.5,54.5,15.5,134,68,67,1112.5,546,923,183.5,84,485.5,433.5,155,437.5,429.5,370.5,9,54,59,377,75.5,228,8,37,141,50.5,46,11,327,405.5,86.5
5.5,2.5,6.5,6,16.5,3,0,1.5,7,2,3.5,10,92.5,167.5,1769.5,1073,35,10.5,75.5,11.5,16,6.5,64,3,60,8.5,0.5,912.5,0,91.5,0.5,56,60.5,588,151,110,31,9,8,130.5,27.5,4,7.5,0.5,12.5,326,17.5,14,162.5,734.5,11,0,0,2.5,1.5,3,1.5,1,0,0.5,0,0,0.5,0.5,0.5,0,0,0,0.5,1.5,17.5,11.5,8,4.5,126,38,36,15.5,9,3.5,0,0.5,0.5,0.5,4.5,1,2,1,0.5,1,2.5,2,0,7.5,2,0
37.5,153.5,239,30.5,18.5,258,163,81,60.5,18,44,34,276,27,9,14,31.5,24,46,28,183.5,600.5,188.5,34.5,1235.5,1480,7.5,2440,91.5,0,118.5,621,61,186,401,383.5,36,63,356.5,21,986.5,321,211.5,67.5,41.5,4343.5,20.5,35,26.5,19.5,69.5,29,5,34.5,49,198.5,133.5,13,3,16.5,3.5,14.5,9,10.5,12.5,8.5,12,28,46.5,34.5,811,432.5,548,294,19.5,64.5,103.5,33,24,35.5,94.5,12,36.5,51.5,6.5,57.5,121.5,6,27.5,274,51.5,64.5,12.5,155,125,29
82,153,65,49,309.5,828,23280.5,30,13,1,158,881,266.5,18,2,3.5,40.5,40.5,12,148,270,16,150.5,68.5,3063.5,3,54,3056,0.5,118.5,0,6,11,4.5,42,28,3.5,113,16.5,1.5,336.5,87,349.5,8849.5,26.5,1010.5,15,35,7.5,12.5,237.5,17.5,1.5,20.5,29.5,129,302,8,9.5,12,8.5,8,5.5,6.5,11,6,8,59,39.5,67.5,360,351.5,496,207,10.5,35.5,110,34.5,132.5,79.5,168.5,18.5,35,59,13.5,40,498,4.5,40.5,118.5,37.5,36.5,9,954.5,168.5,95.5
47.5,21.5,231,52.5,5.5,28.5,19,154,572,114.5,3.5,9.5,208,9,5.5,11,10.5,5.5,102,8.5,34.5,1564,33,9.5,140.5,310,1,355,56,621,6,0,21,41,100,471.5,5,15.5,266,24,166,94.5,33,9,32.5,1155.5,6,5.5,3,10.5,12,2.5,2,2,4,13,6,0.5,1,0.5,1,1,0.5,0.5,0.5,0,0.5,3.5,4,4,70,57.5,40,13,6,8.5,13,3.5,5.5,7.5,16,1.5,2.5,3.5,1,4,12.5,1,2,10.5,3.5,2,0,16.5,14,4
1.5,1.5,6.5,2.5,44,5.5,6,1,2,0.5,1.5,7,28.5,9,4,10.5,427.5,47.5,2,81.5,2.5,1,1599,1,31.5,0,3,615,60.5,61,11,21,0,262.5,328.5,24,44.5,1,2,19.5,31,2.5,12.5,2.5,1.5,862,1234.5,81.5,24,17.5,4,3,0.5,2.5,2.5,7,8.5,2,0,0,0.5,3,0,0,2,1.5,0,2,9,2.5,42.5,44.5,63,35.5,4,453,129.5,140.5,4,7,9.5,0.5,6.5,13,151.5,4.5,13,0,7.5,12.5,7.5,6.5,0.5,18.5,8,4.5
1,2,5.5,6,62,7,4,2,2.5,0.5,5.5,4.5,65,98,286,88.5,62.5,20.5,4,48.5,8.5,0.5,688.5,6.5,122,1,2,1806,588,186,4.5,41,262.5,0,376,39.5,861.5,10.5,4.5,325,118,19.5,30.5,2.5,2,1857.5,283.5,173.5,379.5,687,10,0,0,2.5,1.5,7,3.5,0,0,0,0,1.5,0,0,0.5,1,0,0.5,0.5,1.5,34.5,79,37,23,33,515.5,229.5,97,3.5,10,5,0.5,5.5,3.5,37,4.5,5,1,3.5,10.5,4.5,4.5,0,17,7.5,2.5
19.5,41,27.5,13,111,77,42,3.5,8,1.5,65.5,732.5,258.5,68,17.5,24.5,514.5,418,9,733.5,51,11.5,503.5,11,214.5,2,667.5,3753.5,151,401,42,100,328.5,376,0,143.5,159,101.5,29.5,113.5,435.5,57.5,182.5,45,13,2265,313,116.5,140,65,124,39,6,80.5,56.5,215,65.5,5,2,8,2,38.5,13,15,60.5,22,2.5,34,26,31,290,141.5,100.5,78,58,231,126.5,77,143.5,265,51.5,2.5,20.5,26.5,63,26.5,61.5,1.5,23.5,67.5,16.5,22,6.5,88.5,116,10
203,95,1003,356.5,23.5,49,50,957,144.5,80.5,5.5,33,458,22,3.5,13,18,16,2045.5,36.5,80.5,47,14.5,15,187,213.5,7.5,639,110,383.5,28,471.5,24,39.5,143.5,0,17,72.5,1561.5,34,270,794,80,3.5,150.5,1702,7,19,8.5,10.5,27,4.5,0,2.5,6.5,20.5,22.5,0,0,0.5,0.5,3,1,0.5,2.5,1,0.5,5.5,3,2.5,49,29.5,30.5,7.5,17,10,5.5,3,21.5,8,7.5,0,1,2,2,2,17,0,0.5,4.5,2,2.5,0.5,22.5,12,3
1,3,5,0,35.5,4.5,3.5,1,1,1,3,2.5,28,31,50.5,12,26,8.5,3,19,2,0.5,213.5,0.5,20,0,1.5,550.5,31,36,3.5,5,44.5,861.5,159,17,0,6.5,3.5,416,66,11,10.5,0.5,3,1333.5,32,304,18,42,5.5,1,0.5,1,0.5,4.5,8.5,0,0.5,0.5,0,0.5,1,0.5,0.5,0,2.5,1,1,1.5,20.5,15,19,10,61,70.5,52,8.5,0.5,3.5,7,0,3.5,1,15.5,2,2.5,0,2,6,2.5,0.5,0,2.5,4.5,0.5
1.5,5,3,3,18,17,28,5,0.5,0,147,17.5,21,5,0,4.5,3.5,3,2,14,11,1,8,242.5,137.5,0.5,5.5,750.5,9,63,113,15.5,1,10.5,101.5,72.5,6.5,0,23.5,15.5,268.5,53,421,0,5.5,68.5,8.5,0.5,18.5,3.5,635.5,3,0,4,2.5,4,4.5,0,0,0,0,0.5,0.5,0,2,2,0.5,1,0.5,6,5.5,8,5.5,5,0.5,3.5,2.5,0.5,9.5,8,0.5,0,0,0.5,0.5,0,3,0,0,1.5,1,0.5,0,6.5,5,0
63,30,357.5,56.5,12.5,33,13,190,452.5,114.5,2.5,12,235,2.5,3.5,5,10,10.5,151,28,17,57,7,5,23,389.5,5,279,8,356.5,16.5,266,2,4.5,29.5,1561.5,3.5,23.5,0,31.5,158.5,377,35.5,7.5,1245,1053.5,1.5,11.5,2,3,9.5,2.5,0.5,1,3,9,11.5,1.5,0,0,0,2,0,0,0.5,0.5,0.5,4,1.5,0.5,25,15,40,3,34.5,2.5,2.5,4.5,7.5,3,8.5,0.5,0.5,0.5,0,0.5,9,0,1,2,1.5,1.5,0,5,21,5
6.5,1.5,11,2.5,10,2,1,3.5,3.5,3.5,6,1.5,39,60,90,49,10,4,3.5,4,2.5,0,20,1.5,21,1.5,0.5,204,130.5,21,1.5,24,19.5,325,113.5,34,416,15.5,31.5,0,95,20,24.5,4,12,874.5,61,272,130,410.5,3.5,0.5,0.5,0.5,1,1,0.5,1,0,0.5,0,1.5,0,0,0,0,0,1.5,2,0.5,14.5,8.5,2.5,3,149,19.5,17.5,11,2,1,3,0.5,0,3,1.5,0.5,2.5,0,1,1.5,0.5,2,0,6,2,0.5
27,90,54.5,26,179.5,1685,425,45,7,3,106,89,259.5,20,2,5.5,21,19,14,76.5,471.5,19,209,77.5,2373.5,4.5,17,2911.5,27.5,986.5,336.5,166,31,118,435.5,270,66,268.5,158.5,95,0,657,1523,165,52,3510,55.5,29.5,59,21,216.5,30.5,5,30,39,125,83.5,5.5,2.5,6.5,2.5,10.5,2.5,2.5,9.5,3,1.5,14,10,153.5,706,224,278.5,38.5,7,22,17,6,59,13.5,55,2,10,6,4.5,11.5,67,2.5,3.5,14,3,5,3,67.5,35,28
82,239,213.5,70,79,117.5,73.5,722.5,36.5,8.5,25,26,251.5,11.5,2.5,2.5,14.5,13.5,42.5,50,74.5,66.5,25.5,73.5,268,32.5,10.5,598.5,4,321,87,94.5,2.5,19.5,57.5,794,11,53,377,20,657,0,551.5,36.5,178.5,1353.5,8.5,6,11,6.5,112.5,3,1,5.5,7,20.5,38,0.5,0,1,0.5,2.5,0.5,1,1.5,1.5,0,7,6,14.5,92.5,46,124,9.5,3,7,13.5,1.5,5.5,4,22.5,0,2,2,2,7.5,12,0.5,2,5.5,3.5,3,0.5,10.5,19.5,10.5
64,84.5,46.5,39.5,193.5,311,246,24.5,4.5,1.5,1226.5,131,199.5,15.5,0,5.5,26,27.5,11.5,110.5,215.5,11,72,379.5,1325.5,1.5,33.5,2736,7.5,211.5,349.5,33,12.5,30.5,182.5,80,10.5,421,35.5,24.5,1523,551.5,0,196,79,1715.5,32.5,14,39,12,2364,14.5,1.5,28,20.5,96.5,79,6,0.5,3.5,2,13.5,3.5,5.5,18,6.5,2,24,12,36.5,226.5,103,103,23,3,23,27,4.5,57,32.5,33.5,0,9,8,6,9,33,1,2,16.5,3,6.5,0.5,54,45.5,9.5
6,20,22,4,29,108.5,1942,5,5,0,58.5,86,71.5,2,0,1.5,11,4.5,2,21,79,4,29,76.5,838,2,7.5,524.5,0.5,67.5,8849.5,9,2.5,2.5,45,3.5,0.5,0,7.5,4,165,36.5,196,0,6.5,456,6,7.5,3.5,6,188.5,7,2.5,8,7.5,37.5,30.5,3.5,4,4.5,1,4,1,1,4.5,0.5,1,5.5,6.5,0,116.5,62,119.5,17,1,7.5,20.5,1.5,36.5,19.5,38,1,7.5,9,6,10.5,21.5,1,12,13,3.5,5.5,2,19,12.5,23
23.5,22,139,56,48,25.5,12,73,51.5,107.5,19,14,130,5,2.5,4,5.5,9.5,273,35.5,5.5,20.5,16,3,20.5,62.5,8,304.5,12.5,41.5,26.5,32.5,1.5,2,13,150.5,3,5.5,1245,12,52,178.5,79,6.5,0,783.5,5,5.5,4,9.5,62,1,0,1,1.5,10,20,0.5,0,0.5,0,1,0.5,0.5,0.5,0,0.5,1.5,2,2,14,12,32.5,5.5,5,3.5,4,2.5,4,2,11,0,0,1,1.5,1,3.5,0,1,2,1,0.5,0.5,2.5,14.5,1
947,823.5,2666,612,953.5,1238,784.5,486.5,761,345,506.5,473,2263,384.5,270.5,177.5,620,305.5,508.5,709,626,230.5,3476,161.5,2513.5,223,98,8470.5,326,4343.5,1010.5,1155.5,862,1857.5,2265,1702,1333.5,68.5,1053.5,874.5,3510,1353.5,1715.5,456,783.5,0,1897,5118,1130,1014.5,1771,479.5,110.5,491.5,742.5,2819,1620,167.5,35,158.5,32.5,159.5,67.5,109.5,162.5,105,91,311,628,1492,10644.5,5140.5,5369.5,1952,773,1891,2266.5,726,386.5,379,781.5,83,364,316,198,361,788,32.5,192,1175.5,291,352.5,84.5,1008.5,750.5,223
5.5,13.5,12.5,7.5,177,20.5,8.5,1,6.5,0.5,19,21.5,69.5,47,2,13.5,352.5,26.5,3.5,107.5,17,0.5,918.5,4.5,39,0,13,534,17.5,20.5,15,6,1234.5,283.5,313,7,32,8.5,1.5,61,55.5,8.5,32.5,6,5,1897,0,633.5,351,93,40,26,3.5,26.5,36,74,43.5,4.5,0.5,2,0.5,10,2.5,2.5,8,4.5,1.5,13.5,13.5,53.5,257.5,120.5,88,19,13,1466.5,238,208,13.5,23,12,2.5,8,7,133.5,9,11,2.5,1,16,7.5,5,2,18.5,11.5,1.5
66.5,31.5,60,15,170,42,26,14,4.5,0,35.5,29.5,149,54.5,51.5,15.5,82,29,12.5,98.5,22,4.5,330.5,4,44,10.5,12,300,14,35,35,5.5,81.5,173.5,116.5,19,304,0.5,11.5,272,29.5,6,14,7.5,5.5,5118,633.5,0,564,287.5,67,17,4,24,31,74.5,70,5.5,2.5,6,1,9,3,4.5,12.5,6,4,7,31,93,445.5,200.5,144.5,50,169.5,2125,601,144.5,15,12.5,13,0.5,17.5,10.5,39,14.5,10,1,5,27,3.5,3.5,1,13,8.5,3
10.5,12,6.5,10.5,44,24.5,7,1.5,2,0.5,23,27,173,1602.5,13,729,26,9,4,33.5,15.5,2,111.5,11.5,50.5,0,7.5,356.5,162.5,26.5,7.5,3,24,379.5,140,8.5,18,18.5,2,130,59,11,39,3.5,4,1130,351,564,0,1530.5,159.5,6,1.5,14,10.5,71,24.5,2.5,0,1,0,6.5,1.5,4,6,4.5,1.5,3,8,49,333.5,120,46.5,11,35.5,579.5,149.5,38,17.5,19.5,3.5,0,5,3.5,4.5,4,5.5,0,0.5,8,3.5,3,0,8.5,6,0
27.5,21,35,20,61.5,38,17.5,7.5,12.5,0.5,31,43.5,322,252,454.5,147,45,10,9.5,45,14.5,2.5,76,6,76,1,6.5,236.5,734.5,19.5,12.5,10.5,17.5,687,65,10.5,42,3.5,3,410.5,21,6.5,12,6,9.5,1014.5,93,287.5,1530.5,0,130,14.5,0.5,19.5,8,89.5,31,2,0.5,2,1,9,2.5,2.5,6.5,7.5,4.5,5,13,79,379.5,225,64.5,7.5,213.5,741,278.5,102,55,31.5,6.5,0,5.5,3.5,9,7.5,8,0.5,1,8.5,2.5,2,0.5,38,9.5,4.5
27.5,101.5,39.5,41.5,212.5,387,87,28.5,12,5,2418.5,197,659,45.5,0.5,14,42,33.5,13.5,161,171,16,148,1217,487,3.5,67.5,3870.5,11,69.5,237.5,12,4,10,124,27,5.5,635.5,9.5,3.5,216.5,112.5,2364,188.5,62,1771,40,67,159.5,130,0,53,4.5,67.5,53,165,116,8,2.5,5,2.5,30,7.5,8,31,10,3,40.5,15,119,848.5,378,300,40,30.5,98.5,61.5,18,106.5,80,88,2.5,13,14,16.5,12,38.5,1.5,5.5,28.5,3,5,3,54.5,56.5,11
2.5,4.5,5.5,0.5,2.5,24,36,0,1,0.5,15.5,32.5,5,1,0,0,6.5,1,1,2,2,1,14.5,2.5,19.5,0,1.5,163.5,0,29,17.5,2.5,3,0,39,4.5,1,3,2.5,0.5,30.5,3,14.5,7,1,479.5,26,17,6,14.5,53,0,111.5,270.5,1772,1063,43,17.5,14,40.5,9.5,13.5,8,28,15.5,11,12,39,12,10,51,31.5,49.5,30.5,1,7.5,14.5,3.5,27.5,19.5,3336.5,27.5,8,12,0.5,22,109,1,6.5,49,23.5,13,2,134.5,84,5.5
0.5,2,0,0,0,4,3.5,0,0,0,1,5.5,1,0,0,0,4.5,2,1,1,0.5,0.5,6.5,1,5.5,0,0,26,0,5,1.5,2,0.5,0,6,0,0.5,0,0.5,0.5,5,1,1.5,2.5,0,110.5,3.5,4,1.5,0.5,4.5,111.5,0,27,143,320,18.5,9.5,2.5,9.5,3,2,2.5,7,6,7.5,2.5,7.5,10.5,0,22,12,7.5,10,0.5,0.5,1,0,8,7,333.5,2,4,3.5,0,8.5,21.5,0,1,17,1,1,2.5,8.5,13.5,18.5
1.5,3.5,3,0,2,26.5,34,0.5,0,0,4.5,25.5,6,1.5,0,0,6,2,0,3.5,2.5,2.5,23,0.5,18,0,4.5,241.5,2.5,34.5,20.5,2,2.5,2.5,80.5,2.5,1,4,1,0.5,30,5.5,28,8,1,491.5,26.5,24,14,19.5,67.5,270.5,27,0,823.5,441,59,43,208,24,34.5,299,322.5,72,161.5,77.5,35.5,998.5,13.5,8.5,55,40,57,38.5,1.5,17,11,5,43.5,86,124.5,113.5,9,14.5,0,18.5,80,2,7,133.5,21.5,13.5,8,83.5,335.5,16.5
1.5,6.5,4.5,0.5,6,30,43.5,4.5,2.5,1,11,39.5,2,1,0,0,10.5,3.5,0.5,4,8,2,22,5,31,0,2.5,216.5,1.5,49,29.5,4,2.5,1.5,56.5,6.5,0.5,2.5,3,1,39,7,20.5,7.5,1.5,742.5,36,31,10.5,8,53,1772,143,823.5,0,4677,132,186,98,208.5,74.5,78,43.5,195.5,55.5,49,40.5,90,39.5,8.5,110.5,89,90.5,55,1.5,19,16,15,72.5,28,1849.5,47,13.5,27,1.5,44.5,176.5,4,13,66,54,31.5,5,192.5,106.5,13
11.5,22,23.5,5.5,27.5,217,189.5,3.5,4.5,2.5,25,94,19.5,4.5,0.5,1.5,33.5,16,2,33.5,27.5,22,72.5,8.5,145.5,1,8.5,611,3,198.5,129,13,7,7,215,20.5,4.5,4,9,1,125,20.5,96.5,37.5,10,2819,74,74.5,71,89.5,165,1063,320,441,4677,0,2518,1557.5,423.5,935.5,271,320.5,127.5,330,159,121,425.5,264.5,480.5,345.5,1357.5,654,430,209.5,12.5,101.5,117.5,23,635.5,181.5,5100.5,83.5,221.5,162.5,10,640,515.5,38.5,83.5,672.5,310.5,177,48,470,240.5,76.5
20.5,18,34.5,18.5,135,134,143,9.5,6,1.5,48,199,41.5,19,1,3,42.5,23,9.5,122.5,27,4,76.5,11,77.5,4.5,32,490,1.5,133.5,302,6,8.5,3.5,65.5,22.5,8.5,4.5,11.5,0.5,83.5,38,79,30.5,20,1620,43.5,70,24.5,31,116,43,18.5,59,132,2518,0,398.5,105,275.5,146,65,29,53,40,26.5,261,381.5,2702.5,126.5,658.5,433.5,2116,1137.5,11.5,127.5,189,44.5,175,89,622.5,33,885,1929,10,402.5,203.5,65.5,244,895,425,457,55.5,240.5,277.5,113
0,3.5,4,0,4.5,17,11.5,0.5,1,0,3,6.5,2,0,0.5,0,1,1,0,1,2.5,1,6.5,5,13.5,1,0,26,1,13,8,0.5,2,0,5,0,0,0,1.5,1,5.5,0.5,6,3.5,0.5,167.5,4.5,5.5,2.5,2,8,17.5,9.5,43,186,1557.5,398.5,0,545,813.5,210.5,72.5,29.5,73,103.5,44.5,394.5,96,58,17,197.5,111,60.5,22.5,2,16.5,6,3,76.5,21,146,17,39,17.5,0,132.5,83.5,7,7.5,129,87.5,18.5,6.5,41.5,20.5,11.5
0,0,0,0,2,1.5,4,0,0,0,4,3.5,1,0.5,0.5,0,1,0.5,0,1,0.5,0,4.5,1.5,4,0,0,4.5,0,3,9.5,1,0,0,2,0,0.5,0,0,0,2.5,0,0.5,4,0,35,0.5,2.5,0,0.5,2.5,14,2.5,208,98,423.5,105,545,0,527.5,374.5,94.5,143.5,21.5,43,34,87.5,200.5,19,1,26.5,21.5,23.5,13.5,0,2,5.5,1,11,7.5,37.5,262.5,15,5,0.5,74,18,6,1.5,133,36,9.5,5.5,16.5,23.5,5.5
0,0.5,2.5,0.5,2.5,14.5,12,0,1,0,1.5,9.5,2.5,0,0,0,3,1,0,1,4,1.5,10.5,0.5,8,0.5,0.5,29.5,0.5,16.5,12,0.5,0,0,8,0.5,0.5,0,0,0.5,6.5,1,3.5,4.5,0.5,158.5,2,6,1,2,5,40.5,9.5,24,208.5,935.5,275.5,813.5,527.5,0,679.5,150.5,69.5,234.5,81.5,41,294.5,111.5,110.5,77,216,103.5,69,17.5,2,18,13,1,120,25,381.5,19,46,19.5,0.5,108,66,5.5,7,88.5,26,11.5,8,33.5,14.5,10.5
1,1.5,0.5,0.5,0,5,7,0,0,0.5,0.5,5.5,2,0,0,0,2.5,0,0,0.5,1.5,0,4,0,3.5,0,0.5,16,0,3.5,8.5,1,0.5,0,2,0.5,0,0,0,0,2.5,0.5,2,1,0,32.5,0.5,1,0,1,2.5,9.5,3,34.5,74.5,271,146,210.5,374.5,679.5,0,397.5,193.5,111.5,119,94,706.5,234,42.5,4,65.5,28,30,12.5,0,5.5,6,3,26,20.5,69,64,18,8,2.5,190,17.5,20,2.5,43.5,295.5,38,2,26,17.5,2.5
1.5,1,1.5,0,4,19.5,19,0.5,0,1,2.5,16,0.5,0,0,2,6,2.5,1,6,1.5,1,17.5,1,13,0,1,117.5,0,14.5,8,1,3,1.5,38.5,3,0.5,0.5,2,1.5,10.5,2.5,13.5,4,1,159.5,10,9,6.5,9,30,13.5,2,299,78,320.5,65,72.5,94.5,150.5,397.5,0,642.5,324.5,343,236.5,74.5,221,14,3.5,70,49,42.5,11.5,0.5,17.5,11.5,2.5,77.5,127.5,82,12.5,8,8,1,15.5,32.5,0,2,42.5,4.5,10.5,2.5,20.5,178,7
0.5,1,3,0,4.5,7.5,7,0,1,0.5,5,9.5,1,1.5,0,0.5,1,0,0,1.5,0.5,1.5,7,1,2.5,0,0.5,28,0.5,9,5.5,0.5,0,0,13,1,1,0.5,0,0,2.5,0.5,3.5,1,0.5,67.5,2.5,3,1.5,2.5,7.5,8,2.5,322.5,43.5,127.5,29,29.5,143.5,69.5,193.5,642.5,0,355.5,287,142,109.5,214.5,16.5,1.5,55,25,28,8.5,1,2.5,7.5,0.5,39,34.5,59,66,5,11,1,8,22,0,0.5,24,2,5.5,0.5,17,107.5,3
0.5,1.5,0.5,0.5,5,9.5,13,0,1.5,0,2.5,7,2,1,0,0,1.5,1.5,0,1,2.5,0,10.5,1,6.5,0,3,46,0.5,10.5,6.5,0.5,0,0,15,0.5,0.5,0,0,0,2.5,1,5.5,1,0.5,109.5,2.5,4.5,4,2.5,8,28,7,72,195.5,330,53,73,21.5,234.5,111.5,324.5,355.5,0,1197,224.5,76,149,36.5,31.5,117.5,57,37.5,17,2,8,10.5,1.5,84.5,95.5,772.5,9,5.5,5.5,2,8.5,56.5,0,1.5,16,3,4,1,34.5,65,10.5
3,2,2.5,0.5,7,10,13,0.5,1.5,0,5,30,5.5,0.5,0,0,4.5,1.5,0.5,7,2.5,3,20.5,1.5,12.5,0,2,118.5,0.5,12.5,11,0.5,2,0.5,60.5,2.5,0.5,2,0.5,0,9.5,1.5,18,4.5,0.5,162.5,8,12.5,6,6.5,31,15.5,6,161.5,55.5,159,40,103.5,43,81.5,119,343,287,1197,0,839.5,220,456.5,36,39,157,82.5,44,17.5,3.5,31,12,2.5,155,236.5,168,14.5,11.5,4,1.5,13,50,0.5,1.5,33,4,6.5,1,32.5,141.5,6
0,0.5,2,1,6,13,11.5,0,0,0,2.5,10.5,3.5,1,0,0,3.5,1,0,3.5,0.5,0.5,11.5,1,7.5,0,1,54.5,0,8.5,6,0,1.5,1,22,1,0,2,0.5,0,3,1.5,6.5,0.5,0,105,4.5,6,4.5,7.5,10,11,7.5,77.5,49,121,26.5,44.5,34,41,94,236.5,142,224.5,839.5,0,473.5,527,29.5,49,147.5,52.5,35.5,11.5,0.5,19,10,1,142.5,128.5,206.5,20,8.5,7,1.5,13.5,55.5,2,1.5,23.5,2.5,3.5,1,31,107.5,8
1.5,3,2,0,4,9.5,6,0,0,0.5,5.5,6.5,1.5,1.5,0,0.5,2.5,1,0.5,2.5,1.5,0,7.5,6.5,8,0,0.5,15.5,0,12,8,0.5,0,0,2.5,0.5,2.5,0.5,0.5,0,1.5,0,2,1,0.5,91,1.5,4,1.5,4.5,3,12,2.5,35.5,40.5,425.5,261,394.5,87.5,294.5,706.5,74.5,109.5,76,220,473.5,0,795.5,290,144,314.5,128.5,65.5,28,2,21,5.5,5,140.5,37.5,216.5,61.5,83,68,0,707,71,33.5,12.5,165,434.5,32.5,4,39,31.5,6
4,6,10,5,34.5,35,42.5,4.5,1.5,0.5,17,83.5,15,2.5,0,2,23,8.5,0,21.5,6,3.5,37,2.5,15.5,0.5,11.5,134,0,28,59,3.5,2,0.5,34,5.5,1,1,4,1.5,14,7,24,5.5,1.5,311,13.5,7,3,5,40.5,39,7.5,998.5,90,264.5,381.5,96,200.5,111.5,234,221,214.5,149,456.5,527,795.5,0,278,238,460.5,209.5,193,82.5,8,59.5,29.5,7.5,500,399.5,646.5,847.5,127,41.5,2,251.5,138.5,32.5,20,660.5,73.5,60.5,8.5,102.5,1200,29
12,14.5,13.5,3,13,16,43.5,2.5,2.5,1,12,21,12.5,4,0,0,36.5,7,1,19.5,13,2,36.5,2,30.5,2.5,2.5,68,0.5,46.5,39.5,4,9,0.5,26,3,1,0.5,1.5,2,10,6,12,6.5,2,628,13.5,31,8,13,15,12,10.5,13.5,39.5,480.5,2702.5,58,19,110.5,42.5,14,16.5,36.5,36,29.5,290,278,0,289.5,716.5,317.5,1633.5,762,12,75,65.5,27.5,202,61.5,305.5,35,546,474.5,4,299.5,153.5,38.5,156,392,143.5,203.5,27.5,115.5,73,34
21.5,17,20.5,4.5,12,77,181.5,3.5,2,1,4,23.5,9,2,0.5,2,9,2.5,0,8.5,26.5,4,4,1.5,36.5,0.5,4,67,1.5,34.5,67.5,4,2.5,1.5,31,2.5,1.5,6,0.5,0.5,153.5,14.5,36.5,0,2,1492,53.5,93,49,79,119,10,0,8.5,8.5,345.5,126.5,17,1,77,4,3.5,1.5,31.5,39,49,144,238,289.5,0,2187,399,94.5,27.5,10.5,44,8,17,355.5,91,205.5,5.5,25.5,21.5,1,43.5,321,2,4.5,9.5,14.5,8.5,0,196.5,29.5,0.5
110,180,226,40,275,417,263,40,52,16,173,154.5,559,74.5,12.5,18,125,52,11.5,105.5,276,51,571.5,64,927,7,17,1112.5,17.5,811,360,70,42.5,34.5,290,49,20.5,5.5,25,14.5,706,92.5,226.5,116.5,14,10644.5,257.5,445.5,333.5,379.5,848.5,51,22,55,110.5,1357.5,658.5,197.5,26.5,216,65.5,70,55,117.5,157,147.5,314.5,460.5,716.5,2187,0,12813.5,7136.5,1950.5,72,315.5,462.5,101.5,428,218,700,40,175.5,109,24,296.5,435.5,12,43,346.5,73.5,55.5,43.5,334.5,158.5,94.5
158,274,247,59,345.5,438,226.5,51,63,12.5,228,184.5,671,122.5,12.5,40,168.5,64,21.5,132.5,221.5,37.5,543.5,51.5,439,8.5,22.5,546,11.5,432.5,351.5,57.5,44.5,79,141.5,29.5,15,8,15,8.5,224,46,103,62,12,5140.5,120.5,200.5,120,225,378,31.5,12,40,89,654,433.5,111,21.5,103.5,28,49,25,57,82.5,52.5,128.5,209.5,317.5,399,12813.5,0,9444,1710,123,552.5,222.5,73,550,248,724,52.5,192.5,81.5,29.5,341.5,400,7,28.5,309.5,33.5,27.5,24,205,91.5,55.5
197.5,292.5,335.5,71,550.5,807.5,337,43,52.5,13,351,289,987.5,114.5,14,14,239,136.5,20.5,278,299,49.5,723,87,501.5,9,56.5,923,8,548,496,40,63,37,100.5,30.5,19,5.5,40,2.5,278.5,124,103,119.5,32.5,5369.5,88,144.5,46.5,64.5,300,49.5,7.5,57,90.5,430,2116,60.5,23.5,69,30,42.5,28,37.5,44,35.5,65.5,193,1633.5,94.5,7136.5,9444,0,9596.5,140.5,539,374,123.5,451,227,1088,71,449,333,36,483.5,433.5,24,126.5,601,83,129.5,49.5,282.5,210.5,161.5
140,190,195.5,40,185.5,375,217,19.5,41.5,3.5,154,151,468,58,5,5.5,138,57,8,95.5,115.5,25,407.5,34.5,169,4.5,23,183.5,4.5,294,207,13,35.5,23,78,7.5,10,5,3,3,38.5,9.5,23,17,5.5,1952,19,50,11,7.5,40,30.5,10,38.5,55,209.5,1137.5,22.5,13.5,17.5,12.5,11.5,8.5,17,17.5,11.5,28,82.5,762,27.5,1950.5,1710,9596.5,0,92.5,403.5,292.5,86.5,380,156.5,533.5,81,1460,1017.5,18,490,278.5,21,341,561,72,181,36,174,55,43
9,25.5,21.5,12.5,47,26,12,4,12,4,21.5,33.5,146,157.5,1292,38,23.5,7,4.5,34.5,8,3.5,37.5,5,15,14.5,4,84,126,19.5,10.5,6,4,33,58,17,61,0.5,34.5,149,7,3,3,1,5,773,13,169.5,35.5,213.5,30.5,1,0.5,1.5,1.5,12.5,11.5,2,0,2,0,0.5,1,2,3.5,0.5,2,8,12,10.5,72,123,140.5,92.5,0,205.5,47,19.5,52.5,52,22,2.5,8,2.5,2,5.5,11,0.5,1,7.5,1,3,0,7.5,2.5,2.5
30.5,55.5,45,19,312.5,115.5,54,6.5,5.5,3,60.5,95,365,166,16,51,455.5,49,9.5,204.5,54.5,4.5,865,10,115.5,0.5,24,485.5,38,64.5,35.5,8.5,453,515.5,231,10,70.5,3.5,2.5,19.5,22,7,23,7.5,3.5,1891,1466.5,2125,579.5,741,98.5,7.5,0.5,17,19,101.5,127.5,16.5,2,18,5.5,17.5,2.5,8,31,19,21,59.5,75,44,315.5,552.5,539,403.5,205.5,0,4169,948.5,126.5,98,53.5,8.5,44.5,29,37,30,35,3,8,44.5,9.5,9,2,35,15.5,4.5
29.5,107.5,43,35,515.5,208.5,102.5,9.5,12,2.5,129,115.5,564,190.5,32,47,231.5,44,8,167,102,14,795,18,184.5,4,21.5,433.5,36,103.5,110,13,129.5,229.5,126.5,5.5,52,2.5,2.5,17.5,17,13.5,27,20.5,4,2266.5,238,601,149.5,278.5,61.5,14.5,1,11,16,117.5,189,6,5.5,13,6,11.5,7.5,10.5,12,10,5.5,29.5,65.5,8,462.5,222.5,374,292.5,47,4169,0,1812,184,170.5,93,9,84.5,47.5,81,70,38.5,6,14,63,22,12,4,64.5,26,6.5
33,44.5,52,10.5,87.5,69.5,42,7,10.5,2,30,60,181.5,143,22,41.5,209,47,5.5,156,20.5,3.5,211,9,40.5,1.5,12,155,15.5,33,34.5,3.5,140.5,97,77,3,8.5,0.5,4.5,11,6,1.5,4.5,1.5,2.5,726,208,144.5,38,102,18,3.5,0,5,15,23,44.5,3,1,1,3,2.5,0.5,1.5,2.5,1,5,7.5,27.5,17,101.5,73,123.5,86.5,19.5,948.5,1812,0,105.5,63,51,2,31,32.5,34.5,25.5,25.5,2,5.5,16,11.5,5,4.5,37,13.5,3
19,23,28,12.5,34,74.5,257.5,7.5,5.5,3,36.5,203.5,27,15,3.5,5.5,41.5,11.5,2.5,33,22,3.5,67.5,10,74.5,2,18.5,437.5,9,24,132.5,5.5,4,3.5,143.5,21.5,0.5,9.5,7.5,2,59,5.5,57,36.5,4,386.5,13.5,15,17.5,55,106.5,27.5,8,43.5,72.5,635.5,175,76.5,11,120,26,77.5,39,84.5,155,142.5,140.5,500,202,355.5,428,550,451,380,52.5,126.5,184,105.5,0,1888.5,1418,61.5,168,162,20,337,1091,19,25.5,162.5,36,18.5,11.5,1928,330.5,52
19,25,29,4.5,67.5,60.5,65.5,2.5,7.5,1.5,50.5,209.5,56,51,8.5,6,84.5,24.5,2,79.5,14.5,4,86.5,7.5,39.5,1.5,23.5,429.5,3.5,35.5,79.5,7.5,7,10,265,8,3.5,8,3,1,13.5,4,32.5,19.5,2,379,23,12.5,19.5,31.5,80,19.5,7,86,28,181.5,89,21,7.5,25,20.5,127.5,34.5,95.5,236.5,128.5,37.5,399.5,61.5,91,218,248,227,156.5,52,98,170.5,63,1888.5,0,1786,27,147,89.5,19.5,233,602.5,16.5,18,239,31.5,16,11.5,546.5,1005.5,45.5
32,61,55,11,155.5,207.5,164,12,9,1,89,243.5,144.5,14,2,4,74.5,33.5,5.5,80,57.5,15,175.5,20.5,121.5,2,21,370.5,0,94.5,168.5,16,9.5,5,51.5,7.5,7,0.5,8.5,3,55,22.5,33.5,38,11,781.5,12,13,3.5,6.5,88,3336.5,333.5,124.5,1849.5,5100.5,622.5,146,37.5,381.5,69,82,59,772.5,168,206.5,216.5,646.5,305.5,205.5,700,724,1088,533.5,22,53.5,93,51,1418,1786,0,524.5,470.5,312,14,1168.5,2248.5,35,60.5,544.5,103,33,20.5,849.5,937,189
3.5,5,2.5,0.5,8.5,18.5,15.5,0,0.5,0,11,25,10,1,0,0,9,1.5,0,1,6,2,36.5,1,7,0,2,9,0.5,12,18.5,1.5,0.5,0.5,2.5,0,0,0,0.5,0.5,2,0,0,1,0,83,2.5,0.5,0,0,2.5,27.5,2,113.5,47,83.5,33,17,262.5,19,64,12.5,66,9,14.5,20,61.5,847.5,35,5.5,40,52.5,71,81,2.5,8.5,9,2,61.5,27,524.5,0,76,26.5,3,210,309,12,5.5,209.5,25.5,22.5,3,94,40.5,10.5
4,11,5,2.5,28,36.5,31,0.5,0.5,0,26.5,29,34.5,6,1.5,1.5,15.5,7.5,0.5,19,9.5,2.5,73,5.5,32.5,0.5,3,54,0.5,36.5,35,2.5,6.5,5.5,20.5,1,3.5,0,0.5,0,10,2,9,7.5,0,364,8,17.5,5,5.5,13,8,4,9,13.5,221.5,885,39,15,46,18,8,5,5.5,11.5,8.5,83,127,546,25.5,175.5,192.5,449,1460,8,44.5,84.5,31,168,147,470.5,76,0,1706,12.5,1176.5,189.5,126,1347,1252,268.5,526,53,91.5,114,21.5
11.5,24.5,14.5,4.5,34.5,59,47,2.5,2,0,32,54,62.5,6.5,0.5,4,33.5,9,1,17,20,3,96.5,6.5,33,1,4,59,0.5,51.5,59,3.5,13,3.5,26.5,2,1,0.5,0.5,3,6,2,8,9,1,316,7,10.5,3.5,3.5,14,12,3.5,14.5,27,162.5,1929,17.5,5,19.5,8,8,11,5.5,4,7,68,41.5,474.5,21.5,109,81.5,333,1017.5,2.5,29,47.5,32.5,162,89.5,312,26.5,1706,0,17,961,284,70.5,760.5,725.5,203,273.5,34.5,163,33.5,33
4,5,7.5,4.5,290,18,7,0,0.5,0,12.5,16,87.5,13.5,3.5,5.5,210,16.5,1,105.5,18,1,21,1.5,38,0,8.5,377,4.5,6.5,13.5,1,151.5,37,63,2,15.5,0.5,0,1.5,4.5,2,6,6,1.5,198,133.5,39,4.5,9,16.5,0.5,0,0,1.5,10,10,0,0.5,0.5,2.5,1,1,2,1.5,1.5,0,2,4,1,24,29.5,36,18,2,37,81,34.5,20,19.5,14,3,12.5,17,0,17.5,10,0.5,1,3.5,7,5.5,0,19.5,3.5,0
11,17,9.5,3,57,66.5,39,3.5,2,0.5,30.5,54,65,7,2,1,26,8.5,0.5,13,24.5,4,77.5,6,37,0,4,75.5,1,57.5,40,4,4.5,4.5,26.5,2,2,0,0.5,0.5,11.5,7.5,9,10.5,1,361,9,14.5,4,7.5,12,22,8.5,18.5,44.5,640,402.5,132.5,74,108,190,15.5,8,8.5,13,13.5,707,251.5,299.5,43.5,296.5,341.5,483.5,490,5.5,30,70,25.5,337,233,1168.5,210,1176.5,961,17.5,0,1670.5,1354,669,3278,2203,371,243,333,131.5,42.5
79.5,78,86.5,13,117,208.5,580,12,15.5,1.5,68,217.5,115.5,15.5,7,5,83.5,29.5,6.5,33,55,13,177.5,23.5,113,5,8,228,2,121.5,498,12.5,13,5,61.5,17,2.5,3,9,2.5,67,12,33,21.5,3.5,788,11,10,5.5,8,38.5,109,21.5,80,176.5,515.5,203.5,83.5,18,66,17.5,32.5,22,56.5,50,55.5,71,138.5,153.5,321,435.5,400,433.5,278.5,11,35,38.5,25.5,1091,602.5,2248.5,309,189.5,284,10,1670.5,0,227,325.5,1462.5,269.5,43.5,54,3470,573.5,163.5
1.5,2,5,2,2,8,3,1.5,0,0,2.5,7.5,1.5,1.5,0.5,0.5,2,1.5,0,2,2,0.5,3,0.5,2,0,1.5,8,1,6,4.5,1,0,1,1.5,0,0,0,0,0,2.5,0.5,1,1,0,32.5,2.5,1,0,0.5,1.5,1,0,2,4,38.5,65.5,7,6,5.5,20,0,0,0,0.5,2,33.5,32.5,38.5,2,12,7,24,21,0.5,3,6,2,19,16.5,35,12,126,70.5,0.5,1354,227,0,424,1383.5,801.5,356.5,18,27,24,4
7,19,10,4,28.5,45.5,36.5,1.5,1.5,0,24.5,23,37,4.5,1,1.5,18.5,7.5,2,11.5,11.5,2,70,7,22,0,2.5,37,0.5,27.5,40.5,2,7.5,3.5,23.5,0.5,2,0,1,1,3.5,2,2,12,1,192,1,5,0.5,1,5.5,6.5,1,7,13,83.5,244,7.5,1.5,7,2.5,2,0.5,1.5,1.5,1.5,12.5,20,156,4.5,43,28.5,126.5,341,1,8,14,5.5,25.5,18,60.5,5.5,1347,760.5,1,669,325.5,424,0,1438.5,895,385.5,42.5,79,30,11.5
37,77.5,36.5,13,121.5,327.5,165,3.5,8,1.5,107.5,212,237,30,3.5,3,91.5,24.5,1.5,38.5,53,20,386,14.5,110.5,0.5,11,141,1,274,118.5,10.5,12.5,10.5,67.5,4.5,6,1.5,2,1.5,14,5.5,16.5,13,2,1175.5,16,27,8,8.5,28.5,49,17,133.5,66,672.5,895,129,133,88.5,43.5,42.5,24,16,33,23.5,165,660.5,392,9.5,346.5,309.5,601,561,7.5,44.5,63,16,162.5,239,544.5,209.5,1252,725.5,3.5,3278,1462.5,1383.5,1438.5,0,2992,1195,239,1046,864.5,174
24,34,28,7,37,72,43,6,4.5,0.5,29,77.5,48.5,19.5,0,0.5,39,8,0.5,20.5,14,5.5,91,4.5,29.5,1.5,4,50.5,2.5,51.5,37.5,3.5,7.5,4.5,16.5,2,2.5,1,1.5,0.5,3,3.5,3,3.5,1,291,7.5,3.5,3.5,2.5,3,23.5,1,21.5,54,310.5,425,87.5,36,26,295.5,4.5,2,3,4,2.5,434.5,73.5,143.5,14.5,73.5,33.5,83,72,1,9.5,22,11.5,36,31.5,103,25.5,268.5,203,7,2203,269.5,801.5,895,2992,0,1509,180,541,165.5,24.5
28.5,28.5,23.5,8,46,84.5,49.5,3,5,0.5,27.5,87.5,70,18,3.5,3,49,10,1,20,15.5,6.5,78.5,8.5,37.5,0.5,1,46,2,64.5,36.5,2,6.5,4.5,22,2.5,0.5,0.5,1.5,2,5,3,6.5,5.5,0.5,352.5,5,3.5,3,2,5,13,1,13.5,31.5,177,457,18.5,9.5,11.5,38,10.5,5.5,4,6.5,3.5,32.5,60.5,203.5,8.5,55.5,27.5,129.5,181,3,9,12,5,18.5,16,33,22.5,526,273.5,5.5,371,43.5,356.5,385.5,1195,1509,0,40,298.5,145.5,17
0.5,7.5,3,1.5,12.5,14.5,10,1,1,0,13,9.5,14,5.5,0,1.5,6,4.5,0,6.5,0,2.5,35.5,8.5,10.5,0,0.5,11,0,12.5,9,0,0.5,0,6.5,0.5,0,0,0,0,3,0.5,0.5,2,0.5,84.5,2,1,0,0.5,3,2,2.5,8,5,48,55.5,6.5,5.5,8,2,2.5,0.5,1,1,1,4,8.5,27.5,0,43.5,24,49.5,36,0,2,4,4.5,11.5,11.5,20.5,3,53,34.5,0,243,54,18,42.5,239,180,40,0,88.5,29.5,120.5
156.5,163.5,142,33,137.5,460,1205,26.5,23,2.5,141,455.5,203,56.5,4.5,12,123,64.5,10,122.5,78,19,233,46.5,165,7,24.5,327,7.5,155,954.5,16.5,18.5,17,88.5,22.5,2.5,6.5,5,6,67.5,10.5,54,19,2.5,1008.5,18.5,13,8.5,38,54.5,134.5,8.5,83.5,192.5,470,240.5,41.5,16.5,33.5,26,20.5,17,34.5,32.5,31,39,102.5,115.5,196.5,334.5,205,282.5,174,7.5,35,64.5,37,1928,546.5,849.5,94,91.5,163,19.5,333,3470,27,79,1046,541,298.5,88.5,0,769.5,317
66.5,84.5,84,21.5,203.5,279.5,190.5,22,15,3.5,111,410,144,35,3.5,9,111,54,9,124.5,41,23.5,217.5,19.5,87,6,52,405.5,2,125,168.5,14,8,7.5,116,12,4.5,5,21,2,35,19.5,45.5,12.5,14.5,750.5,11.5,8.5,6,9.5,56.5,84,13.5,335.5,106.5,240.5,277.5,20.5,23.5,14.5,17.5,178,107.5,65,141.5,107.5,31.5,1200,73,29.5,158.5,91.5,210.5,55,2.5,15.5,26,13.5,330.5,1005.5,937,40.5,114,33.5,3.5,131.5,573.5,24,30,864.5,165.5,145.5,29.5,769.5,0,158
14.5,39,36.5,2,40.5,105.5,158,5,7,0.5,26,73.5,45.5,7,0.5,1.5,25,15,1.5,24,0,4,66,7,55.5,1,9.5,86.5,0,29,95.5,4,4.5,2.5,10,3,0.5,0,5,0.5,28,10.5,9.5,23,1,223,1.5,3,0,4.5,11,5.5,18.5,16.5,13,76.5,113,11.5,5.5,10.5,2.5,7,3,10.5,6,8,6,29,34,0.5,94.5,55.5,161.5,43,2.5,4.5,6.5,3,52,45.5,189,10.5,21.5,33,0,42.5,163.5,4,11.5,174,24.5,17,120.5,317,158,0
